2 9 18
0 0 4006.6104 3543.7073
1 0 1007.1367 3859.0085
0 1 5053.1665 1832.2039
1 1 5084.8096 2295.2078
0 2 5837.9775 2405.8794
1 2 3760.9534 3241.9453
0 3 2890.5928 3414.1284
1 3 74.3545 3624.7961
0 4 3431.5996 1889.2802
1 4 3549.5051 2187.6667
0 5 3238.0051 2511.5828
1 5 2656.4519 2852.9426
0 6 3535.5254 2445.1379
1 6 2920.3989 2824.7622
0 7 4326.1055 2905.6792
1 7 2962.304 3397.8645
0 8 4764.9155 2313.2678
1 8 4193.6655 2846.96
1.3668961462
0.6431585515
-0.8331419634
-157.7694985677
108.2917778960
59.3840684904
-6619.7007900000
-0.0941830394
0.0855303529
1.1123413456
1.3761399268
-1.3493499518
-232.7427399307
124.2382222095
363.9342811053
-9267.8926276621
-0.0807042713
0.0946617630
49.6488 
192.0875 
71.7466
-15.5549 
315.3171 
117.3462
41.5596 
274.7651 
92.0252
53.2401 
163.0449 
78.296
-47.1266 
257.7534 
119.0749
-21.9544 
227.5956
95.207
-19.5291 
238.1006 
96.6108
8.2768 
244.675 
80.6632
-6.8296 
285.013 
98.518